2162
3227
5189
2523
7896
10906
3753
10800
998
3792
8399
8732
1875
496
3178
6540
7443
4572
5663
2583
7104
5340
6403
2494
10433
227
9788
2409
6752
1716
3071
3833
2559
7346
2594
4606
9907
505
6702
9781
10910
4744
747
1562
6080
8772
9504
10269
6644
9236
10252
10239
2698
3078
2239
3290
4714
752
684
2466
3182
1701
6797
6451
2280
6351
3027
1282
1594
1281
6296
10569
6259
691
1400
7721
7682
10653
1008
7772
6452
8448
5504
10762
5307
7055
1672
10006
3671
2224
8141
3863
7355
6408
6159
4566
8801
4805
1686
6891
7988
4960
7178
7077
1644
9152
1616
9755
3853
4515
782
3288
1723
3791
9954
2319
7118
3265
1718
3360
9388
10127
8596
1921
3033
11066
9237
3218
6065
680
470
10064
900
506
2911
2009
6637
5224
9089
1333
5174
2966
10633
6168
10031
7070
10453
9463
4261
9253
3141
3383
9945
7959
5167
6974
5530
4913
1720
9846
5944
7293
7999
5709
7019
937
1439
5272
3013
8693
7025
7536
10687
3196
7650
8822
7449
9807
7384
23
6111
10042
4860
2844
4071
4504
4941
4944
2817
11098
462
8014
7080
3708
10607
2458
3102
695
4587
8515
9300
1302
10259
10439
4697
230
4051
6781
9575
8637
9397
171
4367
8376
567
8845
7121
330
3508
5736
7553
10151
6614
8334
4057
10615
8405
5014
4728
10728
10275
8
6052
10359
2556
8876
2877
3302
3174
10429
4208
9429
1771
9869
1486
11047
1376
9222
8718
3943
5015
6376
4247
8019
1914
5205
141
6568
3633
1367
11107
10693
221
4038
1941
5468
9570
2176
1633
5617
5025
2860
7542
9968
9263
4322
11095
2550
7743
2056
5234
5844
9777
7164
9371
4399
6785
6538
6211
6608
9685
55
10524
4311
5282
4540
4624
6850
10981
10884
7795
8958
8653
3527
8021
5862
6089
6067
4866
3475
2512
115
5705
10135
6503
9832
2943
5001
9814
2639
10457
5787
4926
994
7584
11003
10493
6268
6275
10724
10497
7350
1746
5458
5073
6287
5050
7348
5203
10287
1915
6054
8417
11070
8329
3057
9708
4857
2692
2271
9994
5480
6288
2411
5173
4905
5201
366
8699
10029
8422
7486
3238
7956
812
3382
8767
1726
4228
7591
1578
179
4889
6139
2370
11036
3977
10584
919
8784
3734
9043
5892
3397
9459
10951
847
3814
7827
1055
3746
8426
6363
2987
6943
418
5599
2799
7081
926
6178
2593
9240
384
3776
842
9191
1754
2590
9768
6014
7420
8878
4835
2847
5751
10393
2519
79
4635
8667
7328
947
9981
409
10593
1826
8966
8187
5227
10767
8582
7311
5929
10702
10154
5219
9298
7708
9005
1498
7021
3194
7922
7769
5229
10850
4720
6580
3484
2889
10773
262
9710
8513
6263
1770
1200
2115
4518
9985
5440
10150
8705
9797
7283
9509
8991
271
10106
3034
1710
3873
4919
3285
2132
9728
6578
5057
10089
6125
4897
6764
7308
10050
8039
2135
9384
10679
7481
1465
10237
7502
6039
5833
2797
10441
3969
1261
5750
6439
1728
9135
1673
7219
4401
2685
9162
8689
821
3591
3647
5641
7095
6615
7740
5501
10339
628
1981
4830
257
2582
4109
1622
962
6919
4939
10510
19
214
4979
4627
1425
6623
375
4975
10506
9182
4910
9844
4925
2018
1978
8794
10847
8860
2429
3132
2245
5968
7625
4087
535
6659
1232
8230
2605
5418
952
333
4362
9418
4758
9592
5191
10651
2213
6555
654
1778
6733
10472
2641
7314
504
9993
10692
912
960
6532
10857
9557
5594
8042
9015
2808
5188
1583
10132
886
10157
3460
6114
7701
5285
2664
2210
1374
9212
1966
8074
8294
4292
10502
9995
8557
8284
5626
6961
4611
572
383
7234
2878
7366
10122
7103
4451
5415
4745
4760
3554
6923
10725
6077
3261
8749
6411
11080
2374
4822
5570
9421
7904
10833
9711
8155
4855
6788
7949
4253
5075
1471
2758
152
5511
5354
6707
7637
5226
4890
4814
10914
5329
738
9325
5343
1642
10026
3403
4800
2063
8188
6418
1662
4641
2509
10017
5495
4277
5845
4331
4036
8899
9651
11061
4380
3668
7457
4342
61
5206
11063
9568
7163
6683
7748
609
1608
11016
9274
5056
9302
4090
3502
2699
4173
1725
7008
7157
4097
4626
8902
1757
9679
398
5181
2780
10071
4799
10097
6200
5657
4336
2381
10436
2656
3023
2587
5636
1685
1270
5488
6390
2357
5115
6547
8175
6097
4377
1452
9653
4254
10232
6716
3488
3608
5470
5016
7463
7673
1925
3673
7427
11040
1729
9873
3015
662
1194
3183
10178
2112
3267
8077
7185
6048
9921
116
6867
2747
8901
2080
5692
4988
585
7864
7047
4875
4201
8152
865
5376
318
9550
7090
10952
1419
7781
9999
92
5807
5803
7422
10861
1668
10579
8020
6029
6214
6272
5475
7078
9267
9944
10585
3325
484
4735
5453
4725
10627
9992
3552
104
8945
6277
9134
1611
7806
400
1649
1149
6192
8052
1542
9448
3250
8720
1822
6938
2306
6009
6206
8335
6107
8523
3737
3618
2782
111
8169
2997
893
10520
9296
10512
5749
7253
229
6694
8652
3499
266
9370
7680
3474
6567
7995
9829
7316
8362
3573
10576
1627
1202
4603
6379
9396
8938
3039
3160
2627
3811
7461
1992
1605
707
6227
3467
4642
3836
10597
4848
10601
6284
10198
3869
7454
1480
8494
3992
1760
5635
10371
5194
1821
5410
140
9303
7880
7907
4068
3056
10791
4352
9976
3537
7143
4974
10143
9648
10394
7668
9177
1434
6929
10948
5314
7937
4670
745
10315
11013
9364
5855
172
10858
4892
1403
3994
7093
3611
2790
5072
7084
9624
9958
8069
10617
10741
3915
11042
4424
1476
1956
5433
8297
3089
2141
9701
11050
10248
8521
10701
5004
7313
5730
5335
6382
4353
10
5795
1026
4530
4186
819
76
1590
4014
10074
8812
9144
7409
7771
2820
10647
3100
9437
3255
8446
6371
8858
6013
1506
2067
6354
3428
9692
6327
5592
5840
1983
876
605
4781
850
10535
10406
10794
9244
6527
5331
4120
2931
9284
7634
5281
6238
3904
7232
565
10734
885
6348
1050
5899
1173
6416
6945
6906
7359
2265
10852
2805
6156
4770
8440
5209
9455
4138
1436
9291
3610
145
3506
49
5043
1164
5680
6550
4241
579
11089
570
3658
6770
6008
4561
1352
9003
4195
4803
8087
473
1555
1969
7233
4995
766
737
5339
5401
10164
10195
6868
1280
1456
6768
7441
2986
7188
1816
2980
8544
965
6904
1783
2283
3972
4166
6423
2255
2564
6561
3847
9722
2323
8742
10546
2659
2836
4655
5992
4439
7191
9148
176
6675
961
3583
667
8302
10845
7003
5887
5857
1192
4762
2576
7908
6038
5715
8373
10484
8614
2193
1234
4110
10986
10216
1788
8470
5138
8319
3200
2969
6164
7868
114
9702
7470
4737
10325
733
2856
6492
1441
5728
791
7678
10710
5972
9839
3941
3907
6222
8574
1807
5743
444
3699
4441
6022
7349
7853
10757
7431
10018
5337
10265
7087
5746
568
9749
6656
1671
6931
4488
2136
2330
6057
10473
10548
3805
6947
4127
284
929
3344
3901
1733
5552
3116
11105
414
5783
10641
1045
5034
2666
5323
10667
7112
3186
2207
953
4553
2499
1076
7912
7338
4970
7652
6378
8058
10095
199
1347
2031
10632
2122
3953
8733
10814
1586
2792
5620
1081
10825
4121
4838
8575
11
7704
3639
8467
1690
343
4971
7698
9760
9878
74
7487
5141
5154
9096
7695
6704
3365
5640
6627
8864
2395
9140
9845
2721
2542
7687
4332
4185
3596
8464
4937
1657
4982
2840
4599
3322
7376
154
7635
616
10835
2712
6564
9789
10170
2936
5732
1056
10920
3477
3626
5103
7149
442
1796
4446
7605
1059
7800
8591
5048
4930
3806
4710
510
6138
2742
3732
4533
3860
6113
9673
5873
2073
10447
1325
6920
4878
7894
10257
5548
9164
4143
10996
1362
611
5306
7802
594
8564
8532
6104
3242
2620
2044
10409
5961
10936
8559
614
9451
1378
5108
8989
4005
7400
8300
1843
5127
6339
3604
3843
7651
3703
2373
4874
10873
4525
8783
617
8397
8903
10748
10001
2757
4826
6753
3902
1951
2449
1255
299
5808
226
7633
6100
7942
3114
10210
1336
7285
3824
9055
1141
1572
685
5974
3231
7945
7436
3624
4162
9579
4230
1520
4459
4663
7130
1794
218
10340
3032
5246
10782
4592
90
11009
8625
8698
10892
9028
7745
10638
9709
4333
4059
1911
5018
359
6860
10528
6691
10431
3118
8285
5777
10890
7452
4843
8356
2787
5708
2913
931
3878
10391
5387
5084
4047
4469
3660
3888
1684
6213
2384
9331
5879
8180
3925
1711
3424
995
3906
4098
188
9723
6297
2702
6525
7511
8509
889
6913
7906
1457
4702
3024
4881
7050
10072
8789
8740
9582
7520
3429
762
7794
3801
1784
1219
10656
1032
9584
5420
9724
8577
10128
4302
8091
205
7230
814
9633
9173
7324
5119
1172
6212
3730
5785
9386
7726
2366
10921
9913
8396
2422
9012
249
4631
1551
5648
11020
3204
4658
9266
3317
3739
10688
2951
499
1131
7994
8662
1626
1373
2923
5231
3558
613
434
7105
169
8089
9074
5053
5598
7399
5628
5223
7739
10176
10021
11029
4475
2304
2137
10223
5854
8904
4813
2544
3284
10192
144
10246
8889
6903
9963
6386
5646
8694
2324
1569
10032
7495
35
8487
8203
674
7412
6632
8677
1283
6732
6769
5838
5172
8723
1484
6176
10229
927
5891
621
3933
2665
6056
601
4923
9700
7129
8813
2079
528
2866
151
7445
1669
2776
3832
1079
6117
146
8134
2249
7141
9526
5747
1021
1740
3395
10937
1004
8500
8268
10742
8815
259
9734
1003
4581
10349
2442
2902
8670
5255
590
1238
5352
6134
4086
1422
6960
10328
1127
3129
16
3998
5274
7446
2257
8588
8330
967
5925
1648
712
2592
942
9158
9672
3273
8212
4471
3656
3045
7179
8616
630
6499
4748
8935
7144
3738
9783
10733
4958
2447
3268
2626
1069
7459
10193
7845
10468
634
7655
438
4636
4992
4934
1320
2198
6034
1053
9138
4820
1268
3894
3021
5503
6531
10994
4371
2855
233
779
1968
8620
7281
1674
7339
1640
729
4692
361
8937
7883
7160
139
10554
2735
6977
1856
648
840
2293
2043
6930
6854
4181
2479
3835
7919
10759
2019
9254
6932
6135
3346
10562
3854
622
7671
7958
10668
2106
1101
3947
4177
8379
10218
6384
10795
2012
2120
7089
1979
7383
1803
56
6593
7865
8612
9417
3406
5851
4686
2653
5301
6407
6953
4864
5566
2332
5096
7239
10711
4902
9468
10066
389
8142
9006
6579
9446
10413
3513
4927
1604
2864
9194
2965
9293
1394
1513
9740
7035
6472
9816
1813
1852
2071
8339
10525
6820
8827
11004
3310
4419
770
353
253
2128
1241
4579
4634
157
672
4510
9547
441
8070
7756
6849
2413
8017
6162
2062
8847
1910
5077
8771
3053
1859
8341
122
6453
4099
2617
9435
501
7719
2216
8165
52
5487
1184
5013
3827
1664
599
106
7325
5262
9766
10146
10969
903
2424
8445
1580
6514
4568
10263
545
3480
3385
2843
5473
2709
3645
5941
2017
9385
2503
6199
7471
524
7401
4372
1804
6606
3828
10851
4167
11101
7858
4082
991
9203
203
996
10307
8508
2546
2312
215
7517
2142
1683
4489
5951
6395
7289
9379
843
5230
4027
9345
10590
1346
2662
3852
5995
11094
4480
11043
3505
5638
2269
970
8218
10831
7222
8911
2560
1929
5921
10378
2567
8097
1508
6798
5302
6741
7378
6727
1606
8851
2663
3920
8709
2504
9053
4531
2964
1779
4547
4876
2991
7948
1468
10160
10234
4324
4536
4891
3900
238
126
5619
1900
248
9669
2387
9215
6245
2589
6220
3736
4117
3654
9694
8893
5250
7504
1328
5639
7074
10332
2545
2126
1886
3153
4453
10247
3269
5351
1262
3232
3841
10594
2490
4134
4578
2433
1161
9549
50
10238
9947
1747
6282
4041
8658
1472
4444
2086
11091
8715
9560
8968
7755
9599
1466
4724
8505
8969
8502
9957
6603
8136
8458
7212
7550
9025
3535
10802
3526
478
8050
2235
1952
9500
5037
1213
9849
3083
5912
2145
1370
4378
1071
1132
2751
10519
2171
4171
20
9185
5602
8997
10299
4216
8482
7618
6856
9269
8993
5137
10363
4198
9818
5922
6885
7960
7231
6725
5756
9110
6848
7475
3195
4049
4932
8447
6669
10566
5228
1596
3282
7532
5535
1884
8738
1748
2412
4473
4650
6601
911
2183
9646
7847
6152
6094
3447
3820
2938
5579
11021
4287
8081
2915
10608
8681
5076
2038
4301
8956
1423
8347
5090
7395
8859
2661
4222
5151
6367
3158
5463
5828
1015
8684
0
5346
2796
1833
9830
10751
8624
8073
1863
9090
10621
3292
9771
83
10643
6881
4931
8777
6512
7984
8648
1303
2190
3982
6773
660
8009
3961
4956
1793
3101
10574
5427
5031
267
10304
8686
4091
5044
10204
1566
10973
3068
9169
3136
5734
2818
4551
7275
8256
8149
469
4211
5202
1650
3883
9415
6498
8431
6280
10179
6223
3022
10215
6145
2091
5508
10331
7267
1064
6151
6505
1995
6021
7065
5498
7131
3755
10874
10646
6239
4559
6060
10389
8939
3886
5754
5874
6092
3478
10744
1624
5642
7110
5794
3283
10174
2770
2995
2814
5745
10187
3629
1242
7623
948
9661
4404
8148
10792
6916
194
9934
6829
2888
7124
6806
5865
1479
8810
1355
372
439
11000
3504
2872
2584
2525
9520
6539
8727
1651
3410
8510
5170
5047
9894
8786
5878
6744
10962
8323
3048
4308
718
10405
9210
3946
9392
8533
602
7646
1294
4929
7307
3145
1088
6966
4002
3070
1537
4184
5890
8674
5900
1142
8143
1496
158
7566
6573
6791
9352
2203
9890
10114
10657
5125
1845
9497
1681
4275
3978
6346
3619
6998
6832
164
2769
7322
7122
10987
1298
10811
10366
4022
1086
4235
5905
6479
2718
681
2188
98
899
3299
7622
3305
7681
4788
8287
8730
3185
2356
6473
1763
4460
8031
3657
7583
4684
1873
657
1920
2572
10650
5871
8395
6028
2892
6030
2492
4296
5760
7782
10058
9585
10645
3018
4819
1150
7989
2947
9120
9004
3948
3309
7241
4102
10093
1271
4343
5078
1944
6681
6739
10475
7250
10636
8053
8870
1345
823
7549
3942
9337
7837
8791
382
4867
3163
8711
6294
9619
2371
8076
6661
9318
9478
7071
365
10424
7284
8941
4158
1546
5106
4911
6096
2081
1265
5804
2322
6210
4990
693
2254
1708
8488
2083
11002
8529
8024
8701
9336
5298
96
8752
4709
3520
7326
6169
2347
4810
10853
3454
3749
7534
3377
7832
3067
1414
658
3167
3470
8436
9434
7390
2673
5185
9870
4178
3353
3762
3622
7828
9085
8008
4442
5325
6197
5033
8288
3717
668
1250
6198
3009
4508
3061
10107
4313
5411
3254
5486
2710
10604
11052
5970
9916
7189
8539
8336
9499
7776
10716
3855
4733
9990
6883
6586
9626
308
6673
4012
1953
8036
6993
8359
9086
6811
9442
1756
6143
4615
3105
3837
4842
449
10117
10713
3029
4798
536
9489
8930
10408
3959
4193
647
84
9983
9255
5942
10412
377
177
7223
4753
9407
8206
3707
3748
298
10809
7154
8243
509
9563
5110
4614
1782
10123
11099
6544
10552
8554
5086
2979
6126
6490
1901
2920
3938
5489
4839
4289
105
1607
5943
1090
9551
1128
410
1799
6921
4506
6137
1958
3358
4621
10856
10022
87
9923
6404
8292
9719
8842
7208
6805
4340
9358
7291
7546
5303
5490
5273
5721
5476
8970
5356
6157
8610
10639
8108
879
5528
5379
7001
10073
3300
10125
1115
6685
2487
923
4392
483
9955
373
307
999
4095
1137
3096
9512
5806
3336
7861
4532
2541
2006
10309
6818
6130
2899
125
472
10159
9546
10985
3867
9476
8227
3236
1
7341
859
1880
5160
8238
7930
5193
7580
88
2604
4119
10356
7586
5735
3198
3987
9627
8735
677
8608
5681
5898
1322
3609
7660
8971
2547
3416
6693
3249
1275
10417
5627
3783
4899
742
1935
6291
6480
7460
9178
9977
8215
2392
2390
7991
5484
3457
10119
3333
4224
4496
165
9422
10398
10583
6444
1491
425
8179
1713
9130
1541
2853
2296
9403
4107
7108
5144
2182
5634
4595
4893
7773
6036
5117
10635
4669
4390
3503
3257
3840
4708
4466
8103
1916
9471
7192
555
8688
3330
2270
9606
10977
7444
3931
6775
3434
7961
2314
3130
3000
4591
6076
10703
5216
10557
10963
2800
3868
9248
6717
4847
2445
5694
3172
11106
4622
753
2253
1635
643
8910
3369
10266
4168
710
1519
1504
3965
4481
9243
7286
9662
7700
2087
8372
7572
3955
9347
5740
3404
1851
10536
10875
10932
9187
5872
8443
2767
4161
2830
9635
1203
5403
9630
4396
652
4202
288
10355
5423
11097
1022
2348
2326
2581
5259
523
7251
5894
7848
7302
405
6290
1239
4963
9967
3808
5383
4523
4786
10056
30
2042
5863
69
5600
3234
7654
7274
9891
5311
190
2037
6711
727
5366
2378
6999
7900
990
6914
10869
8325
260
9926
7869
6456
10868
6838
1638
5305
10113
8724
5688
7379
4884
4827
4794
10322
7204
6478
884
24
922
8803
3857
1139
5920
2690
4807
3289
2471
1539
4914
1883
6643
5497
2123
8408
5555
193
7686
1359
7689
2880
4602
7458
5214
3940
4563
8216
4147
4391
1030
10691
7175
1882
2608
6575
6652
7292
117
5625
1308
1645
1780
5148
8895
4069
6196
2160
9596
3924
2007
7046
4000
8046
5936
9123
9462
10312
5211
3742
8886
10264
5919
5788
7996
9098
5283
5695
1041
10690
4966
6949
3471
5304
4346
5435
7198
8576
9143
9192
9914
474
9428
8622
9865
5290
6780
5308
6857
4774
10037
10586
11069
10004
10207
6253
10993
9600
1185
3260
4426
1588
10705
3968
8836
3913
4583
5538
11059
10205
8949
1525
4477
8867
6939
8768
10314
3111
763
183
9228
3635
6442
581
1515
8306
3697
4632
7691
10787
3966
6605
4509
10462
4549
7895
8909
11035
1218
4756
6146
8363
3771
1521
10666
4894
7657
1364
10503
10044
3881
6910
532
10418
1344
5583
4219
8504
4455
9128
9561
5375
6019
6569
6016
5100
4961
9495
10558
7142
6676
5775
2432
8555
5738
1948
3898
10689
2483
4350
9306
6450
5826
10476
3572
6504
2414
1688
6845
6654
9602
2786
3189
2107
6148
3695
2238
209
5032
4114
4577
1613
4397
10872
9638
4870
3534
10628
8291
542
10495
7602
9142
9601
8025
7621
10941
5914
6796
275
8501
589
5671
8386
4141
10003
1577
9139
3497
1564
1033
2511
4278
2558
10098
9151
4657
10904
7216
10240
4808
3991
9401
1305
9133
764
7480
8182
1407
6365
2152
11041
3696
7102
1854
11007
1065
4779
3681
5253
9875
1528
3566
4457
5514
5461
1429
3409
9884
8599
2629
10686
719
10185
7556
4354
560
561
7128
9825
7631
915
10166
11025
6967
7515
10564
10842
7805
1011
9132
4403
5723
10352
4924
11064
10250
8780
7113
9350
1593
3686
8633
7992
7197
2064
2672
8123
9871
1695
6063
208
10752
5753
9102
8013
9042
8933
9425
6696
4003
10797
5244
10385
5889
3417
6617
4297
8193
9808
4784
2350
8444
2734
2565
3154
10272
10727
1533
6877
2898
10599
4379
7030
7016
4042
6728
7890
4103
5024
3768
4479
1908
7997
1057
3897
3473
5097
3076
6677
10714
2069
7067
951
5818
917
2338
8044
7552
6589
7950
9281
3108
6666
1405
8251
9763
6844
2960
10927
302
2784
10120
5120
5848
7753
4828
5677
8312
4849
4231
5895
3244
2428
8178
741
1871
11083
2105
3574
7825
2962
5938
6455
5926
6258
10024
6895
9241
2497
761
3592
3976
3212
10445
6329
6260
9863
6356
7501
3414
8744
4112
7706
10277
2457
2217
3536
1189
8923
4558
417
2050
4823
2129
9741
2195
5661
759
5407
6882
8163
2013
6462
4440
6286
8897
905
10090
3829
10882
620
2061
5896
11048
9242
10432
2159
9738
10846
10025
11077
8201
7596
6746
9108
4291
1923
101
1228
5416
10285
8824
6158
4776
9965
3247
2353
966
1591
2359
8552
6597
4020
9179
6563
7260
471
5417
5010
6557
5309
9919
5812
4912
3060
280
8474
875
8514
5027
7826
3025
1666
773
2895
8530
6958
8687
4996
8734
887
1016
5485
7039
1293
606
830
1698
8315
7731
692
3539
1677
2933
9369
9997
2229
3875
4674
1926
10318
835
251
3122
934
2287
2134
9912
3263
1503
6738
4877
8702
10526
8147
1002
2251
4233
1246
751
10785
2660
6465
9330
10631
8490
10482
4908
10550
749
8808
303
109
7244
9887
10781
10507
9883
2750
9820
4476
8563
2679
107
4586
207
1789
1343
4282
1151
10323
6799
4821
11102
9420
6073
2597
8785
5691
7887
6228
7653
10043
1000
8171
8265
6987
4306
10522
1051
636
5546
6710
7227
9174
5493
4011
8875
906
6153
6032
862
7063
2599
10271
4037
941
4236
2730
8384
6731
10964
8479
8057
3630
2379
2819
7100
10038
3974
3211
10958
6583
10637
206
10696
468
2197
6507
379
9118
7226
8704
9683
196
3634
7320
5330
2649
4777
3621
7938
3589
3509
3213
2738
9
4564
8232
8907
6
1389
2543
3971
6454
7202
8484
3166
9067
1177
124
5718
8377
5658
8054
725
767
10401
1697
4017
5572
1895
6271
10933
10254
3597
5945
9770
3245
4965
3386
9180
9099
8264
9362
4637
9064
10972
4160
5386
10301
7171
10103
7754
5884
3311
3831
1450
7873
8913
573
8692
1835
10069
2318
8392
6638
511
8856
4949
653
10358
7513
4347
8489
1310
3532
6866
2507
8604
1183
6562
5342
7235
6207
4544
9806
5547
1052
10140
2402
4070
10324
1224
10130
10819
8664
10943
8977
3754
6307
1836
9452
9172
8774
11019
9644
8255
10348
4434
3384
8707
5496
1084
5249
5039
8365
9038
8283
5105
576
7351
6841
5611
8579
2551
3239
3683
10421
9940
8868
4801
3688
7571
9707
3442
10220
4638
4118
4749
8650
3069
6766
6044
3062
6043
2233
5701
9706
10480
6489
9811
9857
9867
4834
9605
8531
4625
2773
4422
6106
3529
7429
10841
5553
1123
3094
4429
1460
9251
8144
6231
3433
10555
10543
1487
3778
498
1353
9681
2901
4607
10351
7407
7134
5131
5121
10545
3323
5527
5819
541
3951
10505
5660
344
8340
8998
7125
8853
6667
237
9021
9188
2946
6810
6300
3793
3104
3928
386
166
6863
2703
2934
8769
10369
9047
5767
3405
3937
9218
10706
8280
9245
9918
9213
10477
1817
4189
342
8516
10907
1143
9268
5719
8419
10334
10295
7023
3127
7936
6995
3168
9026
153
4977
7405
1222
8761
1247
2066
10230
3191
2517
10296
4698
7576
2405
8816
2516
2439
10217
429
2155
1470
5168
274
1401
8920
975
5586
5846
6252
513
3797
9850
9903
1157
8130
6230
3745
6897
9505
5390
9197
3125
9802
1975
2427
7451
1889
9858
2002
2218
34
8257
4719
9751
6486
9803
8666
588
10045
8299
2739
789
3988
3725
7933
1957
11015
2060
3343
5937
481
1390
4487
9686
3371
9666
2624
419
6485
1909
9443
5562
11057
9494
10197
4272
9621
4449
4883
7499
1761
4359
4281
4078
10626
723
550
4938
6318
1680
8207
6880
4210
8249
3729
4072
9283
6784
6736
2475
4850
548
10865
1985
9795
7509
7839
6922
8872
3169
1707
10460
8838
331
5481
11032
5425
538
921
2711
6847
1274
1243
9341
5041
5924
9842
46
8617
5098
6409
3040
6887
1727
3304
5319
1323
2180
1815
7744
8248
7779
4146
4008
1001
1475
6636
6083
6729
1536
1547
9204
2977
2705
837
6651
9339
4263
9730
9079
2292
306
7024
11022
5157
11046
10695
2336
4795
64
1587
5532
7196
4829
9436
4886
7127
7287
4746
3954
2098
7893
10848
8820
5134
10109
10177
1209
6035
2586
9238
10288
9525
8837
3440
1485
9508
33
3617
5074
5284
9202
5811
5350
976
9333
8101
679
1893
7435
4116
2900
3396
390
7551
788
9817
1477
9784
5967
2643
4752
4609
422
8453
10255
4672
5761
4464
9860
2029
9854
2208
2667
868
2585
4152
4056
4683
4584
7306
7109
1980
3347
5360
9323
6446
10367
10199
5367
6594
6240
10425
831
9779
42
7392
853
9591
5969
3486
5195
7321
781
10442
5439
6633
3345
4180
1043
786
612
6175
9813
4374
7851
2978
1326
9885
3279
8580
488
6033
2708
10362
17
1532
2910
1103
6730
7264
10347
650
1297
10659
4154
457
9221
2048
4633
5581
1960
2045
8015
4623
5180
10388
2154
8999
8883
3248
10837
6599
9040
9972
4537
57
10602
408
9470
9637
6306
10426
10596
9691
10194
1129
5260
8037
9804
5324
534
5797
10760
3995
5035
3408
241
2645
3722
1524
5610
2861
9196
10798
8079
4575
571
341
2953
255
776
8873
8083
9872
2021
2571
6963
41
918
9841
8146
7229
1618
5333
841
9745
531
6671
7703
6542
2714
6256
2481
1663
5741
5007
1936
4764
8034
5063
4512
6420
9433
5608
7137
2976
7799
8863
8618
4174
10523
2241
9034
3724
1888
8469
2448
2789
10147
8442
5251
10924
3058
6688
2569
5550
5843
1841
6215
6160
4131
9049
1494
5165
27
4943
2072
285
7545
4761
3411
1930
2052
1702
1276
5020
3950
2440
6182
4955
2935
5576
10917
4998
6046
7898
5327
1237
487
6242
1264
3579
7812
8503
10563
7221
128
7209
1896
4757
6323
1311
1545
5321
123
2939
7456
9927
2196
5312
4196
10381
2555
2117
8606
10654
4505
7507
943
10485
3203
8344
11012
3922
4556
4238
4385
9906
686
5237
9689
5116
3421
53
6285
4276
7875
619
8975
2388
8459
7018
7352
4335
6289
15
7503
4382
234
4706
10697
292
10676
184
7620
544
2633
8326
2985
6340
5460
8196
6305
7856
9083
4046
2299
2214
2003
10514
5733
8115
8541
7952
9286
4270
5210
7276
9405
3293
683
1950
10843
2992
5412
475
698
2399
6399
1714
8928
7120
3638
6833
7990
4470
2095
8028
2580
4140
624
436
4696
7288
7437
7374
6487
10002
2578
7262
2731
7780
2650
479
2278
7613
829
7630
8602
8202
2684
5643
4873
9932
6570
5184
6535
1675
7526
10079
8685
6902
2736
2325
8063
7881
7525
9299
7970
6851
8607
7358
4065
1409
8682
7269
6173
8095
7750
5315
10402
9259
1341
8486
8022
4267
3684
6387
5835
7294
5432
7790
5580
3494
3599
5065
8456
316
1098
8151
3251
1805
7939
10116
4314
4791
223
6027
8645
10573
10437
8931
7438
11088
10465
6496
8839
3316
11090
3080
7372
1097
2548
3441
696
9545
278
5603
9393
5597
4729
7568
8199
2952
10836
2059
7563
388
7410
5500
10081
640
2791
1904
6400
1776
7582
10769
7612
6431
5698
8641
4921
1154
2434
9503
9399
1482
6886
8814
10789
7404
3103
9100
3519
6337
10344
5082
9466
7210
6321
849
1433
9996
5888
6724
642
7823
4999
9978
6622
6955
10012
7610
1117
3340
724
2918
1160
6524
6216
1571
8877
732
5707
7098
7793
10521
4543
403
7094
7353
6430
5045
10129
7920
5960
7318
8587
9833
103
1892
6070
7540
7385
2529
7428
7069
717
7862
5825
5058
10660
8098
3551
6703
521
6549
7484
8454
2983
5522
3990
7627
8473
6679
5364
1102
10329
7818
4815
1974
6414
3413
9641
4593
10274
537
235
1848
9124
7377
1568
29
5881
9528
7176
6299
10428
8729
7010
7033
7151
3481
8160
9426
9414
529
6419
1535
3326
1165
3388
10083
6812
9959
4555
9438
1020
1018
6133
9000
4383
10149
11034
676
7734
424
10341
7954
4645
7530
2602
9660
460
6202
3979
6790
6391
9297
6825
6878
5483
7811
9048
8061
1467
5268
4159
3157
6828
7808
5644
7842
9159
2949
1715
10504
7522
5
2189
4689
9534
2549
7927
8367
9855
6362
3709
1872
3272
1133
5665
9859
8167
2396
6319
3794
4016
329
5982
3781
10616
2530
133
4044
5856
7981
6748
4797
5991
861
9687
356
10991
10534
7218
1365
7535
6471
5687
4387
4582
760
9472
5836
6075
5492
4266
5531
3561
6925
2642
10033
9823
3822
9092
3716
9289
4123
9535
7872
5291
4778
8524
5510
7327
6616
8946
7567
9081
10372
5109
9365
2165
1495
9125
804
5276
7941
3577
7932
7903
6273
6195
4007
3844
2687
10496
4903
10570
8048
2339
7247
2575
7068
4329
7663
3548
2725
5359
4229
8290
6956
10950
1811
9444
2839
10163
7985
5792
5766
4986
8214
72
754
4918
2173
7215
10231
3490
3030
5361
3210
6086
4221
4472
10291
5885
5239
5197
7925
3984
7159
7968
4280
5512
7396
8680
9367
9307
1739
2
8401
9149
324
6909
321
3334
5551
3799
500
8066
493
808
1279
9902
7595
7255
9739
10491
2680
9664
3936
2909
7162
1093
8561
10415
2658
518
10863
4640
7729
1034
7798
3445
4730
2828
10960
10380
7672
204
9566
8407
4721
10320
5973
8030
2170
1167
10420
9984
2802
4882
428
595
8433
295
5853
6937
9725
7944
8917
8638
8072
5966
9939
6101
10158
1858
1140
3117
7822
913
3137
6926
5964
10891
9791
110
6747
6969
10395
2320
4991
10078
3614
9530
4413
10466
3043
4656
3463
6166
362
5049
5633
863
3632
6700
8764
1225
5948
4415
10750
4694
4368
3682
7391
5618
1790
8862
8520
9101
10112
3715
4165
7472
2535
9677
2852
2870
7101
4580
13
7692
10715
415
2521
9565
11062
10578
5005
8759
3689
6678
6071
1819
2862
711
7343
9881
1722
8568
3190
3773
2144
3613
9742
5029
7243
8984
7976
1260
7183
3418
2276
944
6757
2369
10134
2391
1285
4948
5442
2823
6726
2783
3435
4616
6435
6595
6128
2230
8349
10501
6981
7538
9989
8496
3606
10226
2082
39
8788
5558
2937
7821
2929
5402
9612
3221
4734
3402
901
1318
1196
8951
6244
7915
4895
5587
3313
4768
5358
2887
5393
8124
3370
4213
9461
2300
4947
6648
8210
6205
2882
9160
5985
4769
5140
2156
9190
5568
682
6534
1689
3917
8959
2763
11011
2101
3011
11058
7884
10683
6217
6087
10400
8186
10110
8884
800
269
1744
2697
10390
1934
3007
1385
5123
3110
8002
2950
2474
860
4100
9361
627
3453
10443
6467
3150
5287
8298
73
7715
7279
1180
9862
5780
5286
132
4176
10886
8410
5774
772
828
3819
9949
8259
2919
6626
7871
3342
10859
7432
6093
5225
925
4305
3387
9598
5429
6278
312
9326
8830
8350
3368
3469
7145
2406
3565
2313
6270
3047
9078
4149
2741
6713
3515
6777
1489
9527
9736
9537
8109
9054
6150
5713
9009
4410
10374
2603
3593
758
2394
12
3842
2215
7603
7699
3541
11038
6357
7417
4704
5653
3518
6313
8223
3184
9163
4920
8597
9229
10161
10262
1724
904
7036
10913
8140
8281
7236
2242
8065
7364
3375
6208
553
6132
2988
7590
3594
3357
2361
600
4888
8133
3054
2948
6316
9475
4597
5419
2732
10718
10310
9933
2113
832
6247
3512
5177
4785
2426
2288
1840
983
9767
10982
2084
9969
1737
780
7624
4502
9562
9103
6720
9224
9518
7323
3528
2328
10152
4081
10929
276
8518
3092
4474
437
7079
305
2263
1387
3623
1579
7882
77
8132
3296
3557
5089
972
5147
3179
9308
6082
10283
11065
10743
1399
5998
9576
10537
6890
10280
6619
3005
10461
7951
4234
8409
2922
9539
286
730
1446
5908
580
10905
5557
5596
2261
9956
65
5614
4653
7973
577
1769
7301
8613
5380
7661
113
3224
8314
3871
7201
4732
4309
9898
2528
4432
10855
8059
6495
2436
1100
9023
4150
7305
10879
7061
1391
5615
9732
2753
801
2598
3542
4364
5129
304
2262
5737
1850
10749
7859
9805
1443
2228
1201
10168
7389
201
8415
1881
8642
6830
8402
7593
2267
714
798
1940
7810
4703
8475
4739
8846
7007
10455
2103
6494
7000
7752
8517
4539
6516
6950
5022
9260
5622
6680
9690
890
10829
5171
774
5456
8195
9888
6460
374
1954
464
7397
1040
5776
5949
10567
5408
6314
2223
1130
765
9656
5678
456
2940
3858
6786
8038
323
9007
9273
1534
1267
8010
2020
796
159
1231
5409
2496
6944
1111
8835
1244
8954
4973
2778
6745
4567
1732
9479
7982
6470
3324
5021
7043
2382
5876
7892
8270
5087
9634
4909
3412
2000
10016
3664
8437
5101
1089
9217
10712
2294
8916
2279
6025
6120
8276
4192
6765
2368
1235
2553
2151
10517
10084
11075
3131
6366
715
6855
60
8741
5382
8406
8790
2807
6927
4936
5928
7423
9141
4135
8138
4328
4771
5561
5296
10722
11028
5684
2831
8217
1083
4483
10916
210
10196
8382
11086
1408
9378
7490
4787
3662
3809
10357
4260
7588
2806
10968
2104
8416
10399
7117
10444
5589
9084
4707
3605
2121
4108
9971
6510
907
9137
5040
8605
7450
9948
8277
10454
1211
9882
3993
10971
7921
10208
5445
5903
1278
9082
6692
2495
8348
4989
11093
3545
3813
9793
8519
7248
1544
1136
6317
10758
8003
4079
8955
8527
1997
8113
3419
4220
6823
3607
7554
5849
5317
3055
391
5682
8631
6254
5544
4279
7119
2537
9925
1849
6396
11084
2595
10100
1379
9704
6443
2928
9294
8174
8600
10984
8825
8800
5539
8461
6508
2606
3173
7172
3425
8427
7523
10188
3582
5161
407
2630
6941
7617
784
8571
10864
3081
1999
1358
4715
1497
10414
2277
6394
6957
9904
5875
3952
6545
1801
8996
9541
8428
9441
4345
6385
1584
1104
5478
9519
7492
1973
1170
1743
5263
216
3008
6250
7629
10435
7476
10253
1424
11092
6533
6257
10219
8619
1785
2681
5365
8228
7926
4048
2028
6333
2520
8168
3562
2689
1741
9119
10685
4285
6483
1215
4962
1994
10227
4946
7741
5612
7506
3934
4190
6370
3600
3222
10591
6876
822
5243
4589
4836
5911
9032
2187
3652
9753
5068
6090
1440
8957
313
4245
977
3146
9812
10039
4648
9344
9897
9458
1360
4030
4067
5772
1678
7297
5521
8007
4840
2501
3217
8145
2756
5704
4513
5933
9674
9095
10308
162
1366
5169
950
1481
6869
1420
2130
3530
2169
2945
5621
8468
370
5363
120
5714
10663
261
4662
954
11023
8716
5190
6221
2455
5371
7712
7762
623
2686
10747
1829
4957
10279
6011
3225
8675
1114
9282
7835
7724
10096
9276
5444
846
8394
9553
2775
9572
10137
10311
9416
5502
6835
8403
8104
40
4445
5046
217
2034
9827
10974
7158
10976
1028
10327
8659
898
4237
296
743
3226
148
2885
2039
5868
8244
1589
6776
4859
11039
2179
2307
4868
2989
8798
5525
7846
9941
5798
4227
9658
6131
10281
3564
6459
9059
852
968
10541
1427
3237
9121
10236
1073
264
118
5832
9257
3849
1887
6417
9737
7052
10061
5395
2015
6161
3095
6084
746
7263
8090
2655
9577
8421
1152
778
9211
9070
8200
7888
6653
9922
909
3981
1426
2114
10862
430
9391
9094
7049
5080
6640
7073
4217
7955
4199
1009
9031
10894
10360
3812
5820
6047
1812
1553
4414
6600
8751
3223
2760
10938
10980
8712
9538
5963
1619
5396
2305
517
3856
7249
4096
495
4952
2166
9759
6469
9380
1970
7674
1499
149
2871
5347
4142
9175
8153
7136
9480
7606
8819
4433
279
320
6794
5182
9155
1774
10834
10919
845
6905
10467
11049
7749
3533
5186
3714
1692
1824
6053
10306
1961
9809
8603
5858
4423
3372
1272
5051
1877
793
3646
5509
5405
5683
1719
4232
7597
2057
3065
9536
5623
3997
8799
6437
9464
4562
10068
799
6226
2715
10840
2570
10102
9650
4204
1118
1879
4454
7768
5918
10410
9652
10867
5956
3126
7649
665
6001
6816
9720
3026
3880
10866
3327
3120
2174
9942
2500
360
7182
8908
566
10675
10028
7336
8004
9106
3164
10298
6898
4034
9093
1565
9113
7723
744
4126
9671
9864
4182
1834
5955
2033
2707
7199
2754
2201
9743
4557
4187
2531
3472
10121
4841
7382
2944
4339
4089
1204
9761
1876
8266
8869
9408
7096
7380
734
7135
5450
2364
2310
1806
10640
3669
8192
4818
4804
5902
669
8040
4484
1828
10353
10080
1430
7319
6984
9208
5355
7791
2591
3074
3307
467
2886
6234
2419
7641
6121
4545
6918
3996
2740
4856
2349
3910
225
9604
5829
2451
8548
794
4976
6817
3687
8328
7213
8499
8441
4006
9400
155
1831
2566
6610
1375
4646
1820
547
5569
2264
2616
5233
1289
880
5859
10899
1124
3756
7360
8590
2163
7544
1712
10202
6924
5779
4887
2097
2930
6003
9473
910
8231
5759
4685
4076
7442
1046
503
3014
6665
1188
8412
9762
6761
6037
5297
5166
423
7840
8099
6186
5999
1721
11044
7518
1868
5953
1474
9517
4681
245
1454
2341
584
4298
150
5436
1890
5348
10898
1037
5978
2435
10434
1105
1641
7977
10403
5391
10181
11031
8051
2032
2407
5675
9115
3872
539
9374
3220
2562
7529
6124
8560
6432
6309
10820
9886
3826
3133
4945
6372
1511
5248
11006
9487
1865
9792
1109
10883
2240
3602
1386
5768
5542
8942
7619
870
9625
3642
6224
1800
1814
426
445
5482
1867
5146
7940
11005
8896
21
5983
4145
9580
9343
5770
3772
9866
8572
8922
8111
6650
8353
7928
1342
6269
690
8565
7885
9877
5800
6543
1767
2970
8646
3362
988
3765
7044
6261
10052
3188
9697
10527
9087
3393
1179
9715
10053
7521
5011
7929
3356
9868
6771
3287
1417
6295
6965
3810
1091
1488
6874
771
888
5292
5813
2803
10242
7345
7373
6513
8880
824
3631
8892
9105
891
8260
3436
4286
3800
7329
9951
10118
5954
527
6793
9670
8936
857
992
5950
2418
6613
7577
8434
6975
6342
7211
7943
7048
5860
3243
5113
1699
9321
4393
2051
8332
7015
1252
3400
877
6871
2027
6194
10292
6448
2343
3553
9756
8173
1753
3087
8304
659
2316
2004
9880
1395
432
9353
10048
2912
5030
10708
8721
7971
1074
4693
3479
6952
9324
6140
6335
6911
4486
6763
9620
6293
2463
8570
3514
7066
9312
3235
3615
9454
9467
8581
9490
9815
562
3986
549
340
5264
5537
5178
5977
2158
8669
3838
4188
7713
8452
10588
3143
5606
3718
6355
10200
1734
7254
3446
8321
2842
8172
1560
9645
1745
6026
4851
6641
5212
1072
2074
5474
1490
440
5877
4688
6334
4601
10354
9069
265
7193
4716
9892
5345
7600
7271
6985
5595
1516
3522
8714
337
856
8950
6068
8990
8279
10754
9937
9209
3750
2472
6184
6493
7747
10300
7917
4417
7644
8414
9077
6809
6581
2644
3180
7638
4767
7059
2237
11081
2177
7483
10156
5064
4596
8162
10912
7796
9748
2298
9595
8763
6587
2717
2822
520
453
3864
1943
10343
9611
9309
6165
4485
8967
2068
5866
9305
4351
3088
4620
2346
5149
9375
6712
1517
3550
8912
5720
4341
3851
121
8161
974
9569
9629
6353
7097
10844
8850
7816
4552
1047
5446
6839
9013
8722
2879
5452
5997
7555
3914
5989
6928
2798
9721
8758
3115
4294
9603
979
3570
4942
4094
7465
89
181
8430
2268
10094
3761
4084
8747
9593
3351
1392
10896
3884
7957
4386
8762
1809
10990
10670
6049
3825
2926
6629
3758
3926
10694
1870
1628
4194
9279
7426
5266
2632
8092
9953
4061
7843
838
6188
5996
2178
10244
7092
9412
1245
8844
2955
6970
416
7592
8432
10233
2514
2704
706
8060
7304
10780
7309
3576
5654
7765
9960
6061
317
9769
10538
9482
431
7737
9389
4407
8425
6639
8096
6262
7005
7764
5726
2647
6782
5373
5104
8598
1522
3019
6359
6304
247
10821
7579
3271
7138
5591
3507
2907
6091
5158
3649
7662
7878
6646
1913
6476
7844
7195
435
984
7368
10999
10720
10086
716
9847
708
4503
3546
6992
5662
2211
7874
4122
5913
1561
1955
4225
9035
3741
4450
355
7980
10813
1637
8327
3846
2522
1500
4327
9836
9703
813
1554
9543
5962
3297
3229
9780
1428
5469
6433
5336
8906
9167
2273
2833
3817
339
10805
5651
10201
3266
811
4443
4073
7599
10652
8383
9165
8424
1049
10949
5270
4191
6528
6344
1777
4028
5369
9156
8118
173
9060
10186
10726
4043
3301
6571
8209
3139
1110
5786
5893
5852
5976
10175
9946
2764
4409
5424
806
1601
9039
448
6936
6424
3205
7911
476
7831
3298
9186
1526
955
3109
8237
7357
6041
10988
9166
6715
5604
5258
9065
4482
10803
1977
3152
519
1808
7975
2637
4542
48
9161
649
9911
1210
4320
2092
11056
8176
2984
1377
7058
8668
8696
3314
1621
7493
8628
7738
1661
7060
678
5762
189
10126
5271
5988
4713
6115
10915
8380
7801
10731
4741
8595
161
1825
556
5647
3586
2811
5294
10967
5061
2700
964
6690
5299
6397
10729
10665
4465
3482
7640
5630
2077
1416
138
4665
10319
3431
9522
8068
1273
3980
2360
8241
5520
1986
7879
6062
4355
2423
6324
3155
378
3106
5664
7608
8583
6332
9419
10849
3241
3713
9966
7439
645
4200
9501
3710
8817
6142
10634
7453
8121
8776
5142
8779
6954
3264
394
2552
10771
6663
10364
4153
1861
7344
2981
1171
2488
489
5712
768
4950
6988
3147
4183
10878
1501
240
4576
3281
7870
664
997
2534
644
2998
5656
2722
202
8497
9342
1331
9657
9908
10766
8156
8047
5341
6315
7367
26
9511
2452
463
1667
2335
47
1478
4463
10030
5571
9640
1178
1214
319
371
1709
4959
1038
1623
6102
592
5706
6203
6946
272
4421
1119
894
3757
9931
9348
167
9207
4643
187
8654
896
10598
3328
5655
9905
3690
6813
2372
3766
3444
8261
6406
4139
2204
2625
5175
1023
4548
7072
3531
7402
7632
8254
514
4837
4151
7953
9250
8023
1296
8062
10739
5827
5752
3051
9979
5670
4337
9349
8420
2041
6800
10997
3422
4269
2682
10885
7736
6743
6689
7758
3075
8107
5288
2232
3485
8656
9935
5267
197
8960
9752
6687
4156
4290
3381
8964
8333
6756
7669
10823
2674
5958
9491
10768
9469
6002
6749
8828
11001
4541
697
10681
5517
8492
502
5917
7489
945
2049
10577
1736
4574
6349
1862
461
10992
7331
3789
3735
10370
10779
6320
1625
3580
7177
3361
7013
9382
354
198
10830
8126
4740
7918
3659
9072
10955
4334
7356
8352
336
10880
5026
8366
9304
7342
3912
300
4133
2921
1557
4647
335
4651
119
10335
1844
2393
1775
920
2623
5124
4906
10446
3049
7064
1226
2804
5455
1703
10169
3498
6229
5362
4053
6630
9726
5071
4573
5724
94
9372
4978
3516
1258
10603
1523
9590
5789
10500
4664
8005
7962
935
1253
8239
854
4796
3318
5404
9076
3028
3193
9980
9879
2477
1679
1404
1396
78
2762
1307
6185
3389
2337
2890
872
10489
1411
10839
790
3349
6255
8006
8770
5711
8978
5054
2286
1382
9091
1878
1630
4004
6179
5702
1655
9714
7026
8137
5187
10000
9987
569
3870
7295
3035
2456
3072
6105
7027
2873
10245
6136
736
5541
2896
8371
4398
8082
4649
7815
978
8512
9311
9033
2859
9668
6204
1402
8537
5507
3885
631
4869
9272
2367
7645
4600
9622
9247
3339
4872
4365
9075
2386
1066
54
1315
2212
2993
769
11096
100
8480
4546
9145
5316
6051
8018
8189
8204
7972
10346
6821
8630
8116
5069
4981
5935
8947
71
6968
2441
11079
1319
6012
4077
7169
2688
10375
1705
5155
6553
11067
6668
4430
4092
8849
4644
8556
7705
8894
10572
5338
175
5406
8177
1643
2874
2524
4507
9682
4682
5781
2285
7310
10167
8282
3958
6218
2040
63
5880
8274
10783
4249
6088
6559
8278
6393
7187
102
10411
6405
3491
5534
10256
2821
6045
8982
5437
8953
1159
2153
6660
4435
7083
6588
1912
2779
8972
8393
9594
9498
3704
6141
1967
10930
3692
11060
7375
2906
6875
3176
3648
4780
2275
2147
1354
4928
6336
6006
1286
7601
6642
3643
735
3672
2850
5159
3859
8994
3712
3492
350
9696
7479
8743
9843
7609
1610
6511
7300
7268
7053
3450
3759
1556
10774
6760
8843
9200
3677
9533
3949
404
787
10909
11027
7543
2588
4750
5467
4711
8331
3112
62
2527
1372
4062
5676
6225
2845
1138
2774
10619
5559
522
3151
10983
7153
9628
10379
1795
3097
3957
3321
3675
2303
8805
10284
9227
526
143
8644
7665
10153
10935
8093
2344
11033
4467
3733
783
4722
1581
9129
6662
8303
8726
5674
8551
2094
5128
11082
10815
10897
81
6628
5861
1024
5717
5252
3276
10970
10377
6232
10903
7732
6381
982
1412
6523
7860
2777
1442
6171
7184
8295
1435
8120
9398
9376
3960
5790
3031
632
2096
8226
5523
4812
8086
9613
5472
8429
3698
6328
8460
9097
6990
2539
10076
7557
924
3523
10796
2480
6546
10539
9991
9150
9930
1738
3895
2815
6537
1287
9002
8781
2701
10618
6803
9910
2816
1691
9219
7152
8233
10704
3464
8629
1327
3678
6267
5959
10922
8080
2168
3921
713
6751
7482
3625
10182
7166
10235
10738
5940
10629
10338
5739
9223
4458
7051
1397
1765
4792
5699
7088
1933
1062
9889
2231
10020
1017
10270
232
5533
7866
3620
5006
8983
6607
4679
4064
8205
9746
4179
7370
8067
5398
2167
2532
1654
9822
882
6566
6383
2622
6912
7716
1197
1653
6249
3877
10784
1963
7256
1599
1573
8094
1509
3723
3093
7365
530
10761
6118
10828
9057
989
9357
9636
1291
6714
2854
7694
293
2206
2259
5464
1682
625
11054
5389
9314
9168
1087
2385
6031
7830
4172
1959
1659
6864
3653
5009
2222
4169
980
5334
5066
1530
7277
7615
4524
6474
5277
6979
5067
2857
4731
2838
8342
10067
6853
7923
5910
2876
7194
755
7581
6413
9439
7362
5554
5176
485
10812
5279
3
957
2596
4802
10057
7333
10499
6517
8874
7111
5575
4660
2478
5384
10376
2317
3559
5477
1897
10303
2485
2046
2425
5722
9387
8522
5601
1383
3891
6888
6154
11073
6360
7813
9733
3556
2726
4997
4570
9214
10709
3770
6010
9794
11103
4101
1791
5204
11026
6526
10261
1558
5332
10148
10007
7910
4124
2654
5479
8184
2297
142
2618
9373
6020
4066
2752
2716
5196
9559
9431
6144
4246
3256
4105
8449
8197
8128
4766
2383
4019
3398
282
7574
3399
1068
8643
10582
1301
10387
3364
5696
3306
8683
10492
1759
3489
1464
3394
3764
51
6058
10777
3890
2389
597
9024
8773
7528
8129
9316
9290
6174
2908
4303
7132
11055
9154
3693
5357
9513
2884
3816
5438
7180
6292
4782
5652
959
2410
5672
1894
1108
2225
5002
254
3751
10630
1112
4115
5980
477
9109
9684
1928
10065
8900
8158
5459
3197
1445
8400
9404
10276
8866
10136
8647
4447
412
10396
5388
3999
3140
1406
5192
4699
6767
7296
10249
8995
6364
1838
10087
4330
10684
8016
5217
10737
1827
10516
5139
7038
10138
10549
3510
2646
7636
3563
833
9801
3694
3612
4023
4612
4526
4125
6973
3627
7469
8725
2397
2510
7838
3726
406
7969
932
9778
4248
4244
2768
2713
7418
9231
7485
8355
5897
1080
6873
2352
9427
9899
10260
10361
7406
1335
7387
6501
9973
9900
5232
3162
7516
2282
805
10142
4299
1502
357
10877
364
7252
5070
6609
4687
9698
8753
7020
1134
7759
6059
10092
270
9126
8381
3085
1937
3459
7500
9356
6846
1818
4846
8085
9114
9928
10214
6649
6099
816
5265
3784
2302
9338
10373
2461
1749
6279
37
10680
2536
6147
7578
6410
9036
4384
1730
2601
10664
8041
3352
2696
6246
6951
1337
2924
156
4765
7031
663
195
5095
9104
4500
6069
5447
8364
5112
7993
10674
8528
2351
9320
3348
9675
6183
3230
4130
4175
7934
10422
3308
1027
7488
10644
5577
2720
3775
969
2982
3705
6072
10808
1048
8553
5979
347
9409
8229
8485
825
2459
4880
8457
1869
3099
3903
6840
3834
7648
2415
8802
3392
1658
8632
1598
3192
22
9020
6836
3219
817
5261
8360
4517
8273
4035
2638
9423
4726
9583
3294
8974
5939
8671
3720
2363
8840
8921
3595
803
7116
3228
5516
5328
7473
8088
9430
6740
7978
3042
1340
9974
8106
4373
10776
6872
3379
721
93
4885
59
9649
5392
8861
8033
7642
3588
4861
8706
1938
7413
6592
2533
8807
3818
3020
5822
6170
459
1413
3066
515
7757
3277
5278
5322
10452
9136
10764
2227
10508
8114
4695
9332
9261
10609
2247
6590
2574
1704
7693
10189
1121
332
11018
9659
7833
7924
5923
993
6778
2164
3731
8651
4462
8885
1309
3423
6180
2030
11017
5385
7433
3215
1512
2974
2281
5842
1463
8506
9506
9764
10799
3967
4205
8271
4010
6484
10620
7411
10923
6624
2916
10173
1964
5667
2848
492
9030
6464
9127
11037
3332
1612
5374
1634
2125
3774
3769
1459
7334
3107
4983
6723
3521
10184
10267
4021
8627
10581
5927
2274
1984
6281
7430
5799
9225
1617
2376
1855
5841
4209
10449
815
3560
4852
7280
5909
8832
10531
1687
9920
1259
9413
3207
1755
9453
5631
7037
9799
1792
4015
2611
5207
7531
7785
5685
8887
14
1786
8635
6373
2102
8049
9861
10509
8757
2191
8754
8481
3119
2932
5394
2219
8462
1380
10222
5199
1922
7683
7901
6155
10571
9964
1060
7533
6369
3448
10286
10047
2358
2401
9068
10671
9544
9564
1205
6219
5659
2971
7905
3493
4900
163
4
1061
7168
6997
3679
702
10561
2109
2609
6445
1514
10015
3380
6007
10337
4155
4671
3511
739
392
5518
9226
6347
10294
8865
7979
1942
6078
5716
8242
9938
5632
5368
3073
8439
8316
6264
4321
7841
10316
6892
1787
8043
451
5499
4759
10595
3821
7855
6972
9488
10600
8307
10827
8695
936
1676
4809
9796
2677
8854
8311
4675
8465
10082
1891
7416
11024
9558
9718
9205
9450
2613
1369
5757
722
10305
8150
2925
871
3584
3378
3208
9315
4520
9678
1706
1458
6375
4538
9917
7541
5038
5062
4357
2579
10957
134
9757
3930
5060
3206
6251
6772
8940
10717
5454
191
11053
4438
4045
2011
1368
3286
10544
6079
4304
9280
7889
3964
10469
2284
4058
3711
9262
5593
25
10481
9712
2308
9246
646
8888
7332
3295
3461
86
6461
5221
1099
8985
8717
6518
2467
700
3455
1453
2812
10456
9275
5257
1798
1153
10464
7508
7455
8782
574
8965
6109
1198
328
10611
5466
4863
2076
3795
7722
6884
3165
7034
1846
10099
8117
6824
10027
5710
8992
704
1570
7261
916
1451
2309
1348
5059
9292
1670
10560
5400
10745
2927
3046
5269
6645
6491
6980
10133
7718
1906
1939
10165
6310
7474
10162
1035
608
5700
5491
7914
8398
7685
7849
7312
4691
9249
1361
1174
3575
3367
2192
5824
6989
322
273
10625
10956
7727
8639
494
5017
8765
2990
9574
8980
5915
4025
4522
9852
10926
8925
4111
8988
7257
7290
4858
2354
7363
4618
9798
6664
7224
5817
4951
1158
8289
6477
9313
7299
2111
4255
8495
3547
325
4284
1094
4207
3335
397
2834
443
11072
7587
9052
4170
7519
10772
7082
3767
2321
4751
4497
4853
2905
8450
7004
858
6971
1338
10623
6463
7085
9195
1236
4206
4218
1212
5494
9876
4437
4659
10070
2612
9317
10655
8507
3456
8976
2759
9046
9440
3430
8657
10438
6237
878
66
4898
6762
7594
6330
7931
10046
639
8258
4527
6655
6774
2209
3803
8746
8001
9896
2150
1899
3651
3415
1731
10330
2005
7282
4356
740
7115
5218
6331
6934
5524
8924
11071
7807
2100
9586
9201
5506
8797
3202
3585
5904
3258
1300
5957
8423
1334
3785
2869
9271
10889
4251
5727
10171
9729
10005
8737
9301
10282
6312
9588
421
243
7009
1549
9716
10451
6742
2835
3727
9824
6701
10740
3355
6127
2636
1639
1249
427
1903
4033
5179
5083
5686
8550
6193
575
1156
9851
9411
4427
9206
2628
7916
6879
7746
7462
6361
18
7041
10669
6582
7002
8829
6758
4074
458
2333
8493
10105
508
8697
1918
10553
6468
5975
7228
11085
3275
2749
7998
6311
380
9329
7107
10471
1078
9456
4316
10313
5729
10790
1233
8857
4242
4128
315
5448
2651
546
9051
10540
2563
2362
6108
482
2070
8640
3138
9122
10908
1039
7156
1168
2746
5590
7330
10430
3616
7361
10427
2942
5198
3815
1096
7190
10778
1917
4164
2194
8934
2334
4775
5293
3012
6352
3663
6095
9220
10953
8973
6721
5000
7902
5377
3113
4461
2897
512
757
8119
3578
4052
9647
1987
7165
7829
6488
6983
8310
5565
7076
6421
10386
3315
10423
4980
11008
3170
7174
7575
6621
4763
6283
3848
3963
1766
10649
4448
1036
2631
3016
6440
9474
5313
4420
7760
8914
6521
10530
6896
5782
6388
287
8159
7720
9050
756
3786
6686
6322
10775
4358
1582
1595
9395
2047
6658
554
5666
8225
70
7611
8361
367
1431
7200
10995
1631
6189
4833
4953
638
5952
1193
4845
8247
1629
3240
9235
4490
5549
7850
2234
3280
9573
9340
1010
6040
9131
5578
809
7225
10490
10382
4743
1063
6500
3680
9447
10756
3691
2515
10824
8234
168
31
4203
8584
4491
6350
5300
1972
1314
3676
7207
326
2695
7237
8809
5814
10942
9819
1122
8029
7214
7265
5556
8672
4031
10589
8374
9555
1802
2956
7317
228
10806
2246
7139
6560
6982
2518
4239
4456
8157
3390
10225
3003
7639
10077
1292
4832
4388
7220
3569
8806
4585
9632
4701
3501
8483
1700
5092
8293
3780
8525
10345
6380
8154
851
3156
8986
9786
1483
618
9785
3939
395
5163
3538
9615
7467
9402
6482
6577
7751
10392
1694
3790
4630
9477
3038
9782
6055
8766
1349
8511
9383
6276
2967
1299
6935
4972
785
1269
4104
8455
8750
9288
6647
3426
9909
5793
8324
670
4811
9234
368
2634
170
7056
6933
3259
9693
9607
8055
4673
8736
10010
2493
9514
5731
239
10860
9496
3740
7381
7565
4495
7876
10055
8337
2826
10551
9258
4262
10486
4375
6422
9310
7114
1221
10191
10881
7045
3363
9146
9961
6719
1288
7386
4468
6187
1254
7670
8190
10448
10290
4163
10818
6900
10416
525
10258
4954
3246
2140
10479
9071
2668
7664
8778
578
1563
3420
7298
10918
9837
5012
4844
10515
5802
8710
1989
1866
6110
3702
5934
6634
4389
244
6502
8905
8589
2138
3466
6050
6801
6536
10213
5130
4654
10871
1507
8719
1155
9381
8183
5135
10494
4535
10124
246
8804
3483
6986
11100
4431
10931
7303
1217
75
5986
2035
1371
1447
3909
2010
5763
10542
6862
2016
1527
5901
6962
4264
2505
826
8793
4984
8678
4240
1186
10104
10293
6698
2438
5145
4394
6248
3201
3719
8558
3214
10059
68
2184
5183
1191
3666
9623
8413
3199
9699
9618
2761
2470
1898
180
2124
6466
10532
1636
1339
4132
5370
1256
1751
8139
212
9449
507
9775
6709
7820
1106
2827
2186
7667
1006
97
2148
6625
1410
9019
3123
2289
867
2053
3376
4904
297
9821
346
8731
8385
3935
2607
349
6861
3540
10141
1304
3543
10893
8649
2615
10459
3929
5837
5036
10888
5099
2008
8032
1615
8313
7966
7466
2745
5150
2221
9856
5529
1077
6695
6438
5094
3918
6802
1029
5906
6735
174
4026
2813
3354
10838
8981
2486
10793
452
3037
9826
9061
9277
10088
986
4425
7259
4754
1962
6674
490
10732
6303
1949
3187
4088
5886
8826
2941
192
3044
185
6201
10224
2311
2327
7415
6759
2526
9366
11010
8852
8569
4717
4499
8755
1398
7012
1559
2226
4854
7167
2801
1042
3956
2557
5567
6819
3366
1266
8435
10009
1832
6447
5540
8309
5275
10463
8700
6787
3667
792
6005
2473
4969
4136
7527
802
4569
2331
10736
1206
1421
7408
7777
7877
8369
551
1656
10753
8125
895
9278
5965
4310
7658
7697
1860
8549
385
1837
4428
7403
593
2454
9787
5019
5462
6815
1216
8592
6572
6584
9943
9199
7867
1905
1351
6401
10049
2482
10384
268
3889
2404
9193
10822
301
586
3124
9368
4271
1330
2619
9295
4862
7173
5465
1230
9936
9216
6852
7017
9328
7607
9198
6341
5796
80
7730
6522
3706
5765
95
4690
6991
9523
2600
10013
6358
2958
3640
2127
1120
5883
3896
11074
5990
8660
3874
5222
720
4318
6426
497
2793
2453
6737
7155
6783
2345
4773
7099
334
5930
4501
310
5107
1768
9608
6611
4319
8357
5867
3927
5426
10040
11068
7598
8286
10765
3911
7006
5801
930
4080
358
4571
3391
5254
4024
1574
2315
9676
1823
9735
8818
10011
6441
9066
2968
8011
596
9432
8375
11051
1660
4700
10677
2867
1773
4258
4348
6859
703
5584
5240
6948
9515
1947
5725
7857
1575
10801
8240
4588
10947
11078
3637
7702
401
5613
6598
7398
1548
5042
7707
7510
10614
9581
4594
231
2462
2794
4879
9540
9901
6112
7770
7559
4259
2676
8833
4514
6558
10278
3644
4727
3524
1316
2694
1646
3985
4865
4060
827
6042
6368
7788
9073
2502
10488
9011
3320
9758
2640
2450
866
4661
135
6123
8476
1257
2133
1277
6506
4029
7240
4452
731
607
3932
10474
6940
8979
9643
3091
9018
5133
2538
10034
9750
6942
10662
6074
1552
8478
1162
3077
8540
8181
675
8308
9153
5399
4093
1750
3063
10559
9232
9184
222
3807
8122
4273
4619
5085
9181
3291
8745
5545
9915
3001
10060
3052
3350
4628
2022
7181
591
4215
8545
7369
2078
2691
5850
5220
6541
5114
8078
4250
1181
2355
8045
7569
5003
454
8811
6894
399
5839
10035
2846
6209
1907
6389
4968
8389
9233
2727
8748
8245
9062
958
9835
108
3209
1971
1576
466
2498
10612
1284
3641
9765
1842
8623
4789
635
7203
9680
486
2513
1614
3945
908
8915
9924
8224
5008
10419
8526
9363
8775
2728
9631
2272
844
9848
8135
10788
8198
396
4083
9950
7656
7786
8370
338
9705
5987
3134
4940
5088
5585
1240
883
6915
9988
7498
9998
1163
7787
10946
58
6618
3601
836
5645
797
6708
2403
9486
2723
10513
4738
3777
4985
8795
3916
7478
2670
1965
9484
376
4871
8221
8301
5023
6822
1919
5669
2788
8322
1125
6551
3262
4129
8890
9542
3495
7266
3760
2202
6865
3144
629
1540
8317
2568
8305
8208
6831
938
160
10450
4824
4436
11045
5079
3636
3944
3970
5414
9270
10336
2719
2748
9485
5434
4288
10063
4519
5326
7774
1070
2089
3923
2340
8929
8919
748
2994
9377
540
2824
5457
6684
3161
2290
8390
1145
211
8166
5519
701
4039
5831
8463
2737
10746
9265
7589
10440
5236
6697
3090
7315
6066
10180
9617
7803
807
9390
2199
5245
4772
9256
7447
5574
8100
5869
4054
699
598
5143
1432
3763
7123
10054
4676
7735
1996
8404
2781
3866
6116
10556
10998
6377
5421
1492
10902
3050
3862
1874
1988
9688
1735
4922
5649
3845
6976
8191
3006
6265
582
2724
610
6779
2446
4964
8926
5111
7983
3747
1321
9230
2181
131
2875
8567
3500
1324
6402
7258
2973
5984
1116
687
2635
1220
433
8796
85
705
8562
1510
1976
7696
1313
5564
4783
2024
4478
5650
4933
3989
7491
8611
4283
6552
2377
4223
709
6425
777
1902
7494
5213
3850
2489
8236
9117
1772
10383
9041
5791
6807
10658
4325
178
8879
5052
7626
2416
3177
10610
5132
1054
9667
10832
2868
2090
1350
289
8855
4916
6428
10954
9037
6000
4677
5526
4113
1251
7558
1223
9532
2610
10934
7161
4917
4534
9001
7679
7022
10568
7054
1144
981
2491
8213
3439
5242
5947
6870
3181
3341
1107
8235
5428
363
9610
10979
3908
7647
6098
7834
8219
4678
6481
7238
2678
4907
7148
9589
4312
3452
10944
10183
10682
5247
2573
3628
2301
2172
9322
9831
656
9355
8071
7564
309
6519
666
3451
5607
671
9578
7778
4055
2863
7245
9531
10101
4723
8691
9521
3782
8663
7814
9874
5536
3685
219
7414
345
3458
6427
3017
1176
7242
2744
10826
8275
6024
3438
1317
8918
6612
6172
6233
8056
7766
10051
8601
775
4668
2468
220
6843
3568
552
6243
6163
1693
10735
839
3879
4412
3487
10062
3975
10928
834
1927
4598
1993
1082
1830
8388
3121
8871
38
818
9731
2675
2110
5505
9354
5422
9754
4406
5697
4363
3728
4493
10730
3462
4416
2001
8713
3098
1847
4967
3432
290
4300
10091
2248
8471
5091
420
7891
4816
4257
583
4629
8438
2858
44
5605
651
10019
2917
9970
10111
10876
4994
236
10206
9410
8170
283
1810
6917
10241
7824
5451
728
2671
6085
7675
82
6682
4610
7562
8110
8963
9663
1620
8269
2832
7505
1381
1195
10719
2849
3312
3004
3329
4590
9834
7512
10966
11104
3905
5430
2959
1632
5690
7421
1393
873
9616
4317
7913
5773
4063
11014
2621
136
1095
5118
6602
7659
8661
2755
3407
8739
6548
3544
10575
3270
2118
5443
8673
4013
7965
6996
9524
2561
1012
5629
2975
7514
10273
3661
6509
3973
9483
2431
6837
1853
4326
2252
5755
1147
4494
5573
1696
6808
1592
8320
2400
5907
9334
6434
6018
4666
3496
7852
3670
8585
9335
6585
2669
7496
7714
8841
3443
6858
8987
5823
3567
6672
7133
4639
7817
10807
9975
914
7371
661
7170
9457
10212
314
3804
10940
1932
9773
6023
7246
7573
2891
10945
4817
810
7272
9952
3274
6149
3700
6789
7440
6392
1603
4901
3779
9654
348
7057
10580
291
9264
8358
9080
8164
3437
2408
10770
1762
8578
2657
10672
4400
7394
2085
2365
4032
10221
10108
10895
10190
5208
10211
8728
2260
2256
7570
6596
4252
4935
8250
7425
1175
3142
7434
8536
256
263
10075
9895
6015
3650
8418
7014
8787
9744
6670
8451
6302
1438
3449
5028
112
9516
3823
352
9642
480
182
7809
45
7717
7733
5744
7464
8634
6565
8246
973
6325
1169
5320
6436
6122
9058
1248
8655
8318
7347
8253
7146
4742
1781
633
5235
1148
10268
4349
5318
4315
8760
7964
9493
3882
4608
5830
2829
4402
6458
4755
10613
10368
8354
7497
9056
413
10302
8676
7337
4613
1543
6191
6449
10624
2841
10397
10592
8586
10333
8368
5280
10648
6274
8831
1518
1493
3331
688
985
10723
1356
10606
557
3899
3135
2116
4790
9287
2825
5946
5515
1306
615
5847
381
6398
2894
1329
6978
7126
3861
7075
949
6574
8927
4265
7028
5349
5344
2146
10365
8346
4516
1449
4144
2236
6718
9327
6826
9548
7797
10144
9285
9614
2065
1448
5164
4338
3373
7783
6457
5543
7040
9727
3893
5122
4793
9840
455
5153
8026
4361
4680
8792
3476
4718
8547
928
8267
3036
129
281
4148
6899
7725
5102
3374
2099
10700
6620
7899
2460
4712
4617
2380
4360
9406
7388
8690
2025
4492
2443
7062
8338
1982
2614
6308
9147
10565
939
8391
3171
4001
6103
9029
8594
4652
7804
9465
8821
1529
7029
1182
2893
99
2795
1044
5916
3041
3517
91
7963
294
8112
10721
5431
4736
1312
4605
7217
5449
10458
9424
1332
7775
6415
7147
9597
10321
7789
5931
6326
8263
3401
5784
7270
9111
3752
7946
6475
5805
1652
6706
6266
1462
2329
689
820
8636
7709
10763
8626
8466
4831
7106
2766
4274
940
1764
4295
8262
1199
6631
4256
1295
7710
2417
559
5081
2161
10959
2999
411
224
3798
2036
1126
1146
3082
3064
7140
7561
10487
2914
6236
1609
3701
3149
5994
7819
10786
8075
10707
7947
3865
1208
10518
933
8882
2437
2765
213
8615
8102
5372
10887
186
1864
1207
3233
9695
2837
4018
10041
5560
8708
6429
5055
9587
1797
4197
387
5834
7
1014
7666
9014
5381
9252
5624
4408
1946
2706
3788
2244
8535
1473
604
9351
402
277
2772
8891
5295
7150
6754
9360
1742
7628
10678
5310
6792
9776
848
7419
10478
7524
5778
8573
4075
9010
2291
8834
1135
4529
8932
563
6657
7728
6190
9810
3359
6181
10470
9063
5816
9790
5771
7585
869
10139
2058
4040
3744
1885
10533
491
5769
5241
5289
655
9022
2175
6964
7643
4554
1717
3590
6412
3674
6081
8105
10342
7448
3983
6699
4411
3079
7690
8952
9189
1058
3148
3337
9319
5864
2220
1991
130
2054
5637
1931
9502
8665
1025
6241
4226
7974
6908
1437
6167
6755
8823
43
5809
1567
8012
8472
9982
7763
2954
1600
2088
3549
7836
5668
2205
963
1531
4366
2157
1602
9492
3338
3278
4307
5932
10978
9774
9088
1166
1665
7186
8944
9112
2200
10145
4381
9986
5378
450
10975
10605
242
2075
4418
2464
1005
1031
1924
1461
3465
2026
1290
9017
1990
3468
2398
7604
2851
8084
6301
2729
6795
1187
9460
10699
9171
7986
9183
956
864
3743
8848
6515
3796
9571
9567
32
795
7354
9359
5215
7477
252
6901
2258
1229
4106
1585
3655
465
5821
11030
9717
750
1538
10498
3010
3721
7897
5689
2465
1444
1550
9554
10251
1752
7935
3086
9116
8961
3598
10989
9507
5616
3059
10587
10698
10804
1190
6235
7784
9394
6750
8546
10172
2996
11076
543
892
3839
2023
5703
36
5582
4550
6530
10404
10014
10289
2733
6827
971
10755
1363
67
8491
10115
8131
10965
8035
5693
5882
4528
8222
4370
9481
10622
7742
4565
9176
4212
9346
311
147
5413
6119
3128
4993
9045
7335
28
2476
9044
6529
5136
5758
1085
7273
4896
4806
10925
10008
4395
3665
2119
4825
2131
3962
10085
3427
10407
5353
8534
10529
5162
7205
1839
5126
9800
1505
2865
5156
4323
8220
9170
9609
5748
946
9510
8296
7676
4137
2342
9016
6338
2420
10911
8898
1998
7616
2185
9772
7032
7086
250
4268
4009
8703
8943
6994
3555
3084
2540
2957
6004
3571
9853
4987
1092
1418
369
3830
2444
6591
6722
5742
726
7886
10155
8593
4157
7539
10326
10483
4344
6842
5870
5764
6520
7340
2469
8498
3892
11087
137
9552
10961
1113
2375
6343
987
327
7711
2810
2108
9008
897
2961
10317
2484
4085
6959
8881
4511
9893
533
516
7684
874
4747
6576
3876
2266
9828
7278
5815
7614
4376
3253
7677
10228
6064
7863
6705
10131
10870
4369
7688
7548
626
7393
7468
6604
558
8194
6889
2648
5200
9107
8378
6345
3887
2785
8962
5152
7967
10854
